1000.00000000
737458.67289060
737458.67289350
737458.67289551
737458.67290613
737458.67292013
737458.67295157
737458.67297486
737458.67298421
737458.67298604
737458.67299025
737458.67299726
737458.67300603
737458.67301467
737458.67301878
737458.67303577
737458.67304848
737458.67305763
737458.67306531
737458.67307044
737458.67307575
737458.67307904
737458.67309342
737458.67310161
737458.67310512
737458.67311146
737458.67311454
737458.67312709
737458.67312887
737458.67313337
737458.67315719
737458.67316242
737458.67316995
737458.67317677
737458.67317849
737458.67318329
737458.67318626
737458.67318948
737458.67321266
737458.67322074
737458.67322563
737458.67322807
737458.67323709
737458.67324209
737458.67325048
737458.67326031
737458.67326252
737458.67327876
737458.67329171
737458.67329701
737458.67332306
737458.67332502
737458.67333676
737458.67333873
737458.67334243
737458.67334505
737458.67334696
737458.67334876
737458.67335038
737458.67335211
737458.67335571
737458.67335740
737458.67338782
737458.67338961
737458.67339161
737458.67339949
737458.67340405
737458.67340589
737458.67340916
737458.67341349
737458.67346992
737458.67347135
737458.67347739
737458.67349095
737458.67349423
737458.67350317
737458.67352218
737458.67352421
737458.67353048
737458.67353280
737458.67354053
737458.67354756
737458.67356173
737458.67356487
737458.67357092
737458.67357445
737458.67358099
737458.67359002
737458.67362797
737458.67363530
737458.67363980
737458.67364301
737458.67366167
737458.67366452
737458.67367289
737458.67368283
737458.67368459
737458.67368670
737458.67369038
737458.67369965
737458.67370692
737458.67371618
737458.67371773
737458.67372136
737458.67373896
737458.67374127
737458.67374981
737458.67375484
737458.67375837
737458.67376227
737458.67376697
737458.67377178
737458.67377672
737458.67377973
737458.67378882
737458.67380263
737458.67381046
737458.67381348
737458.67381878
737458.67383427
737458.67383955
737458.67384317
737458.67385311
737458.67385595
737458.67386442
737458.67386882
737458.67387351
737458.67388316
737458.67388840
737458.67388993
737458.67389667
737458.67390181
737458.67391721
737458.67392728
737458.67393105
737458.67393620
737458.67393781
737458.67395884
737458.67397290
737458.67398348
737458.67401199
737458.67402101
737458.67403335
737458.67403711
737458.67404689
737458.67404867
737458.67405241
737458.67405669
737458.67405862
737458.67407793
737458.67408144
737458.67408525
737458.67408827
737458.67409698
737458.67411291
737458.67411449
737458.67412417
737458.67412576
737458.67412961
737458.67414540
737458.67415672
737458.67416266
737458.67416845
737458.67417734
737458.67417939
737458.67418401
737458.67418602
737458.67418801
737458.67420110
737458.67420948
737458.67421127
737458.67421298
737458.67421490
737458.67422842
737458.67423036
737458.67423488
737458.67423795
737458.67424576
737458.67426281
737458.67428119
737458.67428777
737458.67428968
737458.67429443
737458.67430780
737458.67431506
737458.67433110
737458.67433301
737458.67433500
737458.67434211
737458.67434673
737458.67434967
737458.67435119
737458.67435430
737458.67436189
737458.67436398
737458.67436602
737458.67437409
737458.67438080
737458.67438456
737458.67438762
737458.67439395
737458.67439590
737458.67439901
737458.67440834
737458.67442818
737458.67443012
737458.67443192
737458.67443510
737458.67446662
737458.67447408
737458.67448640
737458.67449914
737458.67451453
